1. -14
2. 123
3. -21
4. 60
5. -30
6. 15
7. 65
8. -82
9. 14
10. 24
11. 38
12. 144
13. 43
14. 10
15. 16
16. 73
17. 72
18. 105
19. 17
20. 38
21. 46
22. -9
23. 0
24. 109
25. 58
26. 196
27. 137
28. 134
29. 45
30. 135
31. -4
32. 111
33. 141
34. 76
35. -65
36. -23
37. 62
38. 94
39. 74
40. 174
41. 98
42. 18
43. 104
44. 3
45. -66
46. 64
47. 84
48. 46
49. 86
50. 129
51. -6
52. 106
53. 145
54. 6
55. -64
56. -117
57. -63
58. 128
59. 53
60. -43
61. 33
62. 137
63. 114
64. 99
65. -39
66. 4
67. -91
68. 40
69. 87
70. 17
71. 117
72. 47
73. -4
74. 68
75. 84
76. 29
77. 62
78. -58
79. -71
80. 6
81. -134
82. 133
83. 93
84. 78
85. 117
86. 173
87. -157
88. 152
89. 25
90. -6
91. 152
92. -18
93. 63
94. 93
95. -22
96. 66
97. 18
98. 237
99. 142
100. 25
